Best Hyperparameters:
shared_conv_kernel_size: 3
base_filters: 256
dilation: 2
final_neurons: 128
dropout: 0.27808240863756223
learning_rate: 0.0010951094975080505
batch_size: 32
se_ratio: 8
validation_accuracy: 0.804800
